GRID
0 0 0 0 0 0 0 0 0
0 0 0 0 0 0 0 0 0
0 0 0 0 0 0 0 0 0
0 0 0 0 0 0 0 0 0
0 0 0 0 0 0 0 0 0
0 0 0 0 0 0 0 0 0
0 0 0 0 0 0 0 0 0
0 0 0 0 0 0 0 0 0
0 0 0 0 0 0 0 0 0

CAGES
11 8 5 8 6
22 5 5 6 5 4 5 4 6 5 6
12 6 2 6 1 6 0
13 0 1 0 0 1 0
11 0 3 0 4 1 3
24 8 4 7 4 7 5 8 3
9 4 4 3 4 4 3
15 7 3 6 3
11 6 6 7 6
25 3 7 4 7 3 6 3 5
17 7 2 8 2 7 1 7 0
17 5 1 5 2
15 1 8 0 8

INEQUALITIES
5 7 > 5 8
1 3 < 2 3
4 1 < 4 2
0 7 < 0 8
4 7 > 4 8
7 6 < 8 6
0 3 < 1 3
4 1 < 5 1
3 0 > 4 0
0 3 < 0 4
3 7 < 4 7
0 5 < 0 6
7 1 < 8 1
