GRID
0 0 0 0 0 0 0 0 0
0 0 0 0 0 0 0 0 0
0 0 0 0 0 0 0 0 0
0 0 0 0 0 0 0 0 0
0 0 0 0 0 0 0 0 0
0 0 0 0 0 0 0 0 0
0 0 0 0 0 0 0 0 0
0 0 0 0 0 0 0 0 0
0 0 0 0 0 0 0 0 0

CAGES
3 0 0 0 1
15 0 2 0 3 0 4
22 0 5 0 6 1 6
4 0 7 0 8
16 1 0 1 1 2 0
15 1 2 1 3 2 2 2 3
25 1 4 1 5 2 4 2 5 3 5
17 1 7 1 8 2 8
12 2 1 3 0 3 1
9 2 6 2 7 3 6
14 3 2 3 3 3 4
17 3 7 3 8 4 8
13 4 0 4 1 5 0
20 4 2 4 3 4 4 5 4
6 4 5 4 6
14 4 7 5 7 5 8
17 5 1 5 2 5 3 6 3
9 5 5 5 6 6 6
8 6 0 6 1 7 0
16 6 2 7 1 7 2
15 6 4 6 5 7 4 7 5
13 6 7 6 8 7 8
17 7 3 8 2 8 3
16 7 6 7 7 8 6 8 7
9 8 0 8 1
8 8 4 8 5
9 8 8
